[INFO] loading network...
[INFO] classifying image...
Inference Time :: 0.2343759536743164
bfsp2: 0.04%
cdh13: 0.09%
cdh23: 89.91%
clock: 0.01%
col19a1: 0.07%
crebl2: 0.01%
dapk1: 29.79%
dyrk1a: 0.02%
eif4e3: 0.00%
fundc1: 0.07%
gene: 99.90%
lamb1: 0.90%
mist: 0.02%
mrps18c: 0.00%
ptprf: 77.49%
smoc1: 3.10%
snap25: 0.02%
thumpd2: 6.62%
tmem16d: 0.00%
tspan13: 0.07%
znf180: 1.40%
[INFO] Successfully predicted test_set\1.png
====================================================
[INFO] loading network...
[INFO] classifying image...
Inference Time :: 0.3125016689300537
bfsp2: 0.15%
cdh13: 28.78%
cdh23: 0.03%
clock: 4.06%
col19a1: 84.20%
crebl2: 0.13%
dapk1: 3.52%
dyrk1a: 0.05%
eif4e3: 0.59%
fundc1: 0.04%
gene: 100.00%
lamb1: 0.00%
mist: 0.01%
mrps18c: 1.36%
ptprf: 0.00%
smoc1: 0.64%
snap25: 0.00%
thumpd2: 4.00%
tmem16d: 0.00%
tspan13: 10.81%
znf180: 0.00%
[INFO] Successfully predicted test_set\2.png
====================================================
